[[[0.71, 7.5], [1.81, 7.5], [1.81, 5.92], [0.71, 5.92]],
[[3.53, 6.45], [4.38, 6.45], [4.38, 5.59], [3.53, 5.59]],
[[1.38, 4.48], [1.92, 4.48], [1.92, 3.99], [1.38, 3.99]],
[[2.57, 6.26], [2.7, 6.26], [2.7, 6.01], [2.57, 6.01]],
[[3.45, 7.78], [4.26, 7.78], [4.26, 7.48], [3.45, 7.48]],
[[6.39, 7.82], [6.73, 7.82], [6.73, 6.98], [6.39, 6.98]],
[[5.16, 6.66], [5.41, 6.66], [5.41, 6.06], [5.16, 6.06]],
[[7.19, 5.55], [7.07, 5.55], [7.07, 4.85], [7.19, 4.85]],
[[5.8, 4.56], [5.29, 4.56], [5.29, 4.11], [5.8, 4.11]],
[[4.27, 4.52], [3.33, 4.52], [3.33, 3.97], [4.27, 3.97]],
[[6.74, 6.45], [7.12, 6.45], [7.12, 6.3], [6.74, 6.3]],
[[7.94, 7.46], [8.65, 7.46], [8.65, 6.76], [7.94, 6.76]],
[[9.1, 8.0], [9.33, 8.0], [9.33, 7.55], [9.1, 7.55]],
[[8.42, 8.44], [7.64, 8.44], [7.64, 8.17], [8.42, 8.17]],
[[6.75, 8.82], [5.85, 8.82], [5.85, 8.58], [6.75, 8.58]],
[[5.27, 7.8], [5.54, 7.8], [5.54, 7.45], [5.27, 7.45]],
[[8.66, 4.94], [8.83, 4.94], [8.83, 4.36], [8.66, 4.36]],
[[6.83, 3.86], [7.39, 3.86], [7.39, 3.45], [6.83, 3.45]],
[[7.81, 4.57], [8.15, 4.57], [8.15, 4.16], [7.81, 4.16]],
[[8.18, 6.06], [8.96, 6.06], [8.96, 5.71], [8.18, 5.71]],
[[1.46, 8.48], [1.99, 8.48], [1.99, 8.02], [1.46, 8.02]],
[[3.05, 8.83], [4.35, 8.83], [4.35, 8.5], [3.05, 8.5]],
[[0.67, 3.19], [1.09, 3.19], [1.09, 2.79], [0.67, 2.79]],
[[2.73, 3.3], [2.97, 3.3], [2.97, 2.99], [2.73, 2.99]],
[[4.75, 3.12], [5.0, 3.12], [5.0, 2.7], [4.75, 2.7]],
[[5.83, 2.95], [6.48, 2.95], [6.48, 2.5], [5.83, 2.5]]]

